1 0.291854 0.636326 0.091409 0.059522
1 0.630034 0.756313 0.039218 0.043113
1 0.974242 0.234787 0.053585 0.064454
1 0.128921 0.512736 0.042892 0.042788
1 0.756331 0.799366 0.057110 0.052272
0 0.547093 0.197609 0.060675 0.038699
1 0.564651 0.051088 0.033696 0.024718
1 0.893365 0.900957 0.029570 0.036226
1 0.190543 0.625435 0.046767 0.069259
1 0.424998 0.905271 0.037145 0.039282
1 0.910037 0.360934 0.054281 0.048104
1 0.184258 0.329744 0.032006 0.031445
1 0.186992 0.531371 0.039277 0.037369
1 0.092453 0.986049 0.042121 0.028114
