0 0.019715 0.419599 0.038329 0.081864
0 0.826686 0.073556 0.044247 0.045023
1 0.021351 0.285112 0.043765 0.083713
0 0.971451 0.648441 0.056692 0.166648
0 0.009487 0.827773 0.018931 0.093232
0 0.428533 0.616205 0.200301 0.227711
0 0.988798 0.468769 0.022568 0.049403
0 0.985125 0.514474 0.030357 0.031928
0 0.252459 0.910183 0.034511 0.179273
0 0.156408 0.170641 0.033396 0.067790
0 0.235785 0.835115 0.067160 0.325714
1 0.015886 0.023604 0.032778 0.047826
0 0.358826 0.036606 0.047468 0.042267
0 0.746974 0.201353 0.032036 0.032684
0 0.218649 0.720116 0.034768 0.095358
