0 0.812180 0.096302 0.061282 0.090881
0 0.685917 0.149414 0.076660 0.042530
0 0.036229 0.814333 0.062702 0.197864
0 0.025957 0.476620 0.051647 0.051567
0 0.754919 0.922376 0.040986 0.089050
0 0.808913 0.964781 0.038354 0.069789
0 0.392184 0.865954 0.040447 0.061205
1 0.466601 0.340294 0.068507 0.074107
0 0.993786 0.026817 0.012843 0.053830
0 0.621744 0.925117 0.025551 0.059206
0 0.539496 0.939351 0.046419 0.121360
0 0.191491 0.577563 0.094176 0.051005
0 0.789703 0.875955 0.024259 0.048223
0 0.022474 0.526973 0.043076 0.030738
0 0.378962 0.844766 0.066772 0.104885
