0 0.054800 0.647432 0.081186 0.211630
0 0.907009 0.060634 0.105176 0.070728
0 0.685237 0.630407 0.042279 0.085706
0 0.021875 0.116257 0.034764 0.094488
0 0.196523 0.122358 0.049313 0.242951
0 0.233750 0.144613 0.027019 0.051454
0 0.543761 0.926404 0.089958 0.148294
0 0.648344 0.609987 0.115450 0.041000
0 0.454594 0.683760 0.058140 0.144568
0 0.901686 0.088532 0.040994 0.030365
0 0.429947 0.791184 0.036550 0.045551
0 0.258709 0.031734 0.020211 0.062694
0 0.444185 0.711555 0.038376 0.089405
0 0.982285 0.636723 0.021374 0.043176
0 0.692930 0.271593 0.042055 0.016990
0 0.760670 0.071068 0.022701 0.039585
