0 0.379672 0.331698 0.054064 0.044942
0 0.308223 0.608553 0.044723 0.045440
0 0.252864 0.879822 0.033333 0.024678
0 0.318469 0.541222 0.050079 0.037583
0 0.786174 0.917521 0.021067 0.021558
0 0.224911 0.400463 0.026659 0.027437
0 0.382300 0.252733 0.023809 0.025270
0 0.716557 0.845783 0.016386 0.018918
0 0.016654 0.229195 0.033133 0.041118
0 0.066968 0.274329 0.023148 0.024257
0 0.548528 0.602098 0.014992 0.019323
0 0.322953 0.885349 0.019953 0.045597
0 0.157817 0.348860 0.021853 0.023074
0 0.804901 0.207857 0.017502 0.034373
