0 0.644094 0.920019 0.050293 0.067129
0 0.939323 0.573774 0.033933 0.044623
0 0.827731 0.980811 0.050301 0.037366
0 0.702908 0.348315 0.038540 0.053975
0 0.304379 0.680281 0.056887 0.058133
0 0.499634 0.689012 0.033284 0.040466
0 0.337198 0.512443 0.051859 0.076393
0 0.891309 0.774223 0.054566 0.073410
0 0.958392 0.512694 0.025450 0.024331
0 0.451784 0.869156 0.049464 0.045893
0 0.491734 0.716459 0.058329 0.087127
0 0.519095 0.158684 0.024351 0.024594
0 0.408835 0.040309 0.022702 0.021222
0 0.973579 0.558584 0.023644 0.030388
