0 0.859131 0.532847 0.041070 0.164497
0 0.866639 0.721064 0.031090 0.060312
0 0.383253 0.733959 0.028364 0.050073
0 0.663530 0.731423 0.023814 0.051182
0 0.066883 0.729087 0.044868 0.083518
0 0.785578 0.944968 0.047283 0.110446
0 0.821842 0.766005 0.019540 0.035184
0 0.935634 0.739808 0.040899 0.081439
0 0.736974 0.324824 0.025321 0.046048
0 0.110473 0.696439 0.026849 0.038601
0 0.612937 0.691780 0.039254 0.047482
0 0.325917 0.698369 0.041837 0.051518
0 0.009498 0.724410 0.018485 0.102970
0 0.803182 0.867246 0.022274 0.038273
