0 0.744229 0.290298 0.024915 0.168693
0 0.626482 0.413525 0.028082 0.066191
0 0.753468 0.901824 0.042720 0.113241
0 0.971324 0.596073 0.058534 0.128494
0 0.019502 0.953770 0.038937 0.046163
0 0.382903 0.806460 0.062116 0.306286
0 0.065324 0.057631 0.056136 0.115728
0 0.590254 0.847872 0.037917 0.162800
0 0.375240 0.747473 0.047889 0.188684
0 0.774194 0.269703 0.039461 0.077780
0 0.268034 0.169413 0.085030 0.341005
0 0.779404 0.119067 0.045196 0.125461
0 0.541201 0.452564 0.031473 0.069207
0 0.940006 0.837078 0.027455 0.059976
0 0.754624 0.940828 0.042076 0.075773
0 0.797041 0.534667 0.041306 0.192910
